((("life" .
   [1 0 0 0])
  ("in" .
   [1 0])
  ("is" .
   [1 0])
  ("img_to_stl" .
   [0 0 0 0 0 0 0 0 0 1])
  ("layers_of_tris" .
   [0 0 0 1 0 0 2 1 0 0 0 0 0 0])
  ("ws-trim" .
   [0 0 0 0 0 0 1])
  ("cutoff" .
   [2 0 0 0 0 0])
  ("svgs" .
   [1 0 0 0])
  ("svg" .
   [1 0 0])
  ("paths" .
   [1 0 0 0 0])
  ("width" .
   [3 0 0 0 0])
  ("requests" .
   [1 0 0 0 0 0 0 0])
  ("savefig" .
   [1 0 0 0 0 0 0])
  ("pl" .
   [1 0])
  ("layers" .
   [3 0 0 0 0 0])
  ("add_subplot" .
   [0 0 0 0 0 0 0 1 0 0 0])
  ("ax" .
   [3 0])
  ("figure" .
   [1 0 0 0 0 0])
  ("fig" .
   [2 0 0])
  ("converters" .
   [1 0 0 0 0 0 0 0 0 0])
  ("convert" .
   [1 0 0 0 0 0 0])
  ("search" .
   [1 0 0 0 0 0])
  ("group" .
   [2 0 0 0 0])
  ("math" .
   [2 0 0 0])
  ("time_to_float" .
   [2 0 0 0 0 0 0 0 0 0 0 0 0])
  ("match" .
   [7 0 0 0 0])
  ("re" .
   [5 0])
  ("conf" .
   [1 0 0 0])
  ("stl_times" .
   [2 0 0 0 0 0 0 0 0])
  ("scad_times" .
   [2 0 0 0 0 0 0 0 0 0])
  ("load" .
   [1 0 0 0])
  ("unpack" .
   [3 0 0 0 0 0])
  ("usecols" .
   [1 0 0 0 0 0 0])
  ("scad" .
   [1 0 0 0])
  ("scads" .
   [1 0 0 0 0])
  ("loadtxt" .
   [2 0 0 0 0 0 0])
  ("np" .
   [13 0])
  ("numpy" .
   [3 0 0 0 0])
  ("plt" .
   [5 0 0])
  ("pyplot" .
   [1 0 0 0 0 0])
  ("matplotlib" .
   [1 0 0 0 0 0 0 0 0 0])
  ("isfile" .
   [1 0 0 0 0 0])
  ("path" .
   [2 0 0 0])
  ("os" .
   [1 0])
  ("gcode_pb" .
   [1 0 0 0 0 0 0 0])
  ("next-logical-line" .
   [0 0 0 0 0 0 0 1 0 0 0 0 0 0 0 0 0])
  ("uuid" .
   [2 0 0 0])
  ("Flask" .
   [2 0 0 0 0])
  ("port" .
   [1 0 0 0])
  ("host" .
   [1 0 0 0])
  ("redis" .
   [2 0 0 0 0])
  ("GET" .
   [1 0 0])
  ("methods" .
   [1 0 0 0 0 0 0])
  ("moses" .
   [5 0 0 0 0])
  ("printing_qs" .
   [1 0 0 0 0 0 0 0 0 0 0])
  ("printer" .
   [1 0 0 0 0 0 0])
  ("pop" .
   [2 0 0])
  ("append" .
   [3 0 0 1 0 2])
  ("slicing_q" .
   [3 0 0 0 0 0 0 0 0])
  ("run" .
   [2 0 0])
  ("SlicingThread" .
   [2 0 0 0 0 0 0 0 0 0 0 0 0])
  ("slicing_thread" .
   [2 0 0 0 0 0 0 0 0 0 0 0 0 0])
  ("modeldata" .
   [0 0 0 0 1 0 0 0 0])
  ("write" .
   [3 0 0 0 0])
  ("jids" .
   [6 0 0 0])
  ("uuid4" .
   [3 0 0 0 0])
  ("msm" .
   [1 0 0])
  ("reques" .
   [0 0 0 0 1 0])
  ("data" .
   [2 0 0 0])
  ("ParseFromString" .
   [1 0 0 0 0 0 0 0 0 0 0 0 0 0 0])
  ("TabletToMoses" .
   [1 0 0 0 0 0 0 1 0 0 0 0 0])
  ("buf" .
   [6 0 0])
  ("form" .
   [1 0 0 0])
  ("mac" .
   [7 0 0])
  ("files" .
   [2 0 0 0 0])
  ("POST" .
   [1 0 0 0])
  ("method" .
   [3 0 0 0 0 0])
  ("request" .
   [6 0 1 0 0 0 0])
  ("route" .
   [5 0 0 0 0])
  ("jid" .
   [20 0 0])
  ("self" .
   [6 0 0 0])
  ("slic3_new" .
   [2 0 0 0 0 0 0 0 0])
  ("stl" .
   [17 0 0])
  (":artist" .
   [1 0 0 0 0 0 0])
  ("macroexpand-1" .
   [1 0 0 0 0 0 0 0 0 0 0 0 0])
  ("Hatch" .
   [3 0 0 0 0])
  ("Nathan" .
   [3 0 0 0 0 0])
  ("make-comparison-list" .
   [1 0 0 0 0 0 0 0 0 0 0 0 0 0 0 0 0 0 0 0])
  ("lambda" .
   [1 0 0 0 0 0])
  ("clauses" .
   [2 0 0 0 0 0 0])
  ("where" .
   [2 0 0 0 0])
  ("evilnc-default-hotkeys" .
   [0 0 0 0 0 0 0 0 0 0 0 0 0 0 1 0 0 0 0 0 0 0])
  ("evilnc-comment-or-uncomment-lines" .
   [0 0 0 0 0 0 0 2 0 0 0 0 0 0 0 0 0 0 0 0 0 0 0 0 0 0 0 0 0 0 0 0 0])
  ("other-window" .
   [1 0 0 0 0 0 0 0 0 0 0 0])
  ("kbd" .
   [1 0 0])
  ("global-set-key" .
   [0 0 0 0 0 0 0 0 0 0 0 0 0 1])
  ("add-cd" .
   [1 0 0 0 0 0])
  ("*db*" .
   [1 0 0 0])
  ("Medusa" .
   [0 0 1 0 0 0])
  ("Y/N" .
   [2 0 0])
  ("y-or-n-p" .
   [2 0 0 0 2 0 0 0])
  ("prompt-for-cd" .
   [1 0 0 0 0 0 0 0 0 0 0 0 0])
  ("Budos" .
   [1 0 0 0 0])
  ("PROMPT-FOR-CD" .
   [0 0 0 0 0 0 0 0 0 0 0 0 2])
  ("ripped" .
   [1 0 0 0 0 0])
  ("rating" .
   [1 0 0 0 0 0])
  ("artist" .
   [1 0 0 0 0 0])
  ("format" .
   [1 0 0 0 0 0])
  ("defun" .
   [6 0 0 0 0])
  ("list" .
   [3 0 0 0])
  ("lisp-mode-hook" .
   [1 0 0 0 0 0 0 0 0 0 0 0 0 0])
  ("slime-mode" .
   [1 0 0 1 0 0 0 0 0 0])
  ("slime" .
   [2 0 0 0 0])
  ("flycheck-autoloads" .
   [0 0 0 0 0 0 0 0 1 0 0 0 0 0 0 0 0 0])
  ("~/Slic3r/t/" .
   [0 0 0 0 0 0 0 0 0 1 0])
  ("~/Slic3r/" .
   [0 0 0 0 0 0 0 0 3])
  ("https://github.com/kliment/Printrun.git" .
   [0 0 0 0 0 0 0 0 0 0 0 0 0 0 0 0 0 0 0 1 0 0 0 0 0 0 0 0 0 0 0 0 0 0 0 0 0 0 0])
  ("clone" .
   [1 0 0 0 0])
  ("git" .
   [3 0 0])
  ("cd" .
   [2 0])
  ("-d" .
   [1 0])
  ("pyserial" .
   [1 0 0 0 0 0 0 0])
  ("pip" .
   [2 0 0])
  ("easy_install" .
   [1 0 0 0 0 0 0 0 0 0 0 0])
  ("python-distribute" .
   [1 0 0 0 0 0 0 0 0 0 0 0 0 0 0 0 0])
  ("mercurial" .
   [1 0 0 0 0 0 0 0 0])
  ("sudo" .
   [7 0 0 0])
  ("perl" .
   [1 0 0 0])
  ("Xvfb" .
   [1 0 0 0])
  ("cpanm" .
   [1 0 0 0 0])
  ("screen" .
   [3 0 0 0 0 0])
  ("install" .
   [4 0 0 0 0 0 0])
  ("apt-get" .
   [2 0 0 0 0 0 0])
  ("Slic3r" .
   [2 0 0 0 0 0])
  ("rm" .
   [2 0])
  ("-r" .
   [2 0])
  ("pull" .
   [3 0 0 0])
  ("fi" .
   [3 0])
  ("Printrun" .
   [3 0 0 0 0 0 0 0])
  ("then" .
   [3 0 0 0])
  ("python-imaging" .
   [2 0 0 0 0 0 0 0 0 0 0 0 0 0])
  ("python-pmw" .
   [2 0 0 0 0 0 0 0 0 0])
  ("wx-common" .
   [2 0 0 0 0 0 0 0 0])
  ("s" .
   [1])
  ("libwx-perl" .
   [1 0 0 0 0 0 0 0 0 0])
  ("Grabbing" .
   [1 0 0 0 0 0 0 0])
  ("echo" .
   [2 0 0 0])
  ("deft" .
   [1 0 0 0])
  ("dst_sigma" .
   [5 0 0 0 0 0 0 0 0])
  ("that" .
   [1 0 0 0])
  ("dcdcdc" .
   [1 0 0 0 0 0])
  ("2d2d2d" .
   [1 0 0 0 0 0])
  ("666666" .
   [2 0 0 0 0 0])
  ("E_vs_B" .
   [1 0 0 0 0 0])
  ("202" .
   [1 0 0])
  ("B_vs_T" .
   [0 0 1 0 0 0])
  ("m0_vs_T" .
   [0 0 0 2 0 0 0])
  ("m0vt" .
   [0 0 0 1])
  ("1490" .
   [2 0 0 0])
  ("fit" .
   [1 0 0])
  ("68" .
   [1 0])
  ("74" .
   [1 0])
  ("75" .
   [1 0])
  ("5000" .
   [1 0 0 0])
  ("full_output" .
   [1 0 0 0 0 0 0 0 0 0 0])
  ("g_res" .
   [1 0 0 0 0])
  ("500" .
   [1 0 0])
  ("p0" .
   [2 0])
  ("lin_res" .
   [1 0 0 0 0 0 0])
  ("python-mode" .
   [1 0 0 0 0 0 0 0 0 0 0])
  ("paste" .
   [0 0 0 0 1])
  ("evil-leader/set-key" .
   [0 0 0 0 0 0 0 0 0 0 0 0 0 0 0 0 0 0 1])
  ("cython-mode" .
   [1 0 0 0 0 0 0 0 0 0 0])
  ("flycheck" .
   [2 0 0 0 0 0 0 0])
  ("load-path" .
   [6 0 0 0 0 0 1 0 0])
  ("add-to-list" .
   [4 0 0 0 0 0 0 0 0 0 2])
  ("and" .
   [2 0 0])
  ("nuc_i" .
   [2 0 0 0 0])
  ("40040" .
   [2 0 0 0 0])
  ("40000" .
   [1 0 0 0 0])
  ("40" .
   [1 0])
  ("_load_group_structure" .
   [1 0 0 0 0 0 0 0 0 0 0 0 0 0 0 0 0 0 0 0 0])
  ("src_phi_g" .
   [0 0 0 0 0 0 1 0 0])
  ("get_xs" .
   [1 0 0 0 0 0])
  ("nucname" .
   [1 0 0 0 0 0 0])
  ("str_library" .
   [0 0 0 0 0 0 0 1 0 0 0])
  ("100000" .
   [4 0 0 0 0 0])
  ("10000" .
   [2 0 0 0 0])
  ("1000" .
   [2 0 0 0])
  ("mant" .
   [7 0 0 0])
  ("100" .
   [5 0 0])
  ("else" .
   [5 0 0 0])
  ("pos" .
   [15 0 0])
  ("for" .
   [4 0 0])
  ("is_int" .
   [5 0 0 0 0 0])
  ("if" .
   [8 0])
  ("expsize" .
   [2 0 0 0 0 0 0])
  ("mantsize" .
   [2 0 0 0 0 0 0 0])
  ("i" .
   [6])
  ("int" .
   [7 0 0])
  ("600" .
   [2 0 0])
  ("10020" .
   [2 0 0 0 0])
  ("81" .
   [1 0])
  ("exec" .
   [2 0 0 0])
  ("c" .
   [5])
  ("cond" .
   [1 0 0 0])
  ("13" .
   [1 0])
  ("12" .
   [3 0])
  ("123124" .
   [3 0 0 0 0 0])
  ("123123" .
   [1 0 0 0 0 0])
  ("assert_equal" .
   [2 0 0 0 0 0 0 0 0 0 0 0])
  ("10" .
   [11 0])
  (":" .
   [1])
  ("dbl_exp" .
   [28 0 1 0 1 1 0])
  ("1000000" .
   [4 0 0 0 0 0 0])
  ("exp" .
   [5 0 0])
  ("d" .
   [7])
  ("1" .
   [27])
  ("0e6" .
   [2 0 0])
  ("expsign" .
   [2 0 0 0 0 0 0])
  ("or" .
   [1 0])
  ("1e" .
   [1 0])
  ("__init__" .
   [1 0 0 0 0 0 0 1])
  ("src_group_struct" .
   [1 0 0 0 0 0 0 0 0 0 0 0 0 0 0 0])
  ("array" .
   [1 0 0 0 0])
  ("E_g" .
   [6 0 1])
  ("27" .
   [1 0])
  ("include" .
   [1 0 0 0 0 0 0])
  ("stdio" .
   [1 0 0 0 0])
  ("main" .
   [1 0 0 0])
  ("define" .
   [1 0 0 0 0 0])
  ("while" .
   [1 0 0 0 0])
  ("getchar" .
   [1 0 0 0 0 0 0])
  ("EOF" .
   [1 0 0])
  ("nwords" .
   [5 0 0 0 0 0])
  ("state" .
   [3 0 0 0 0])
  ("OUT" .
   [2 0 0])
  ("printf" .
   [1 0 0 0 0 0])
  ("require" .
   [10 0 0 0 0 0 0])
  ("autopair" .
   [1 0 0 0 0 0 0 1])
  ("load-theme" .
   [1 0 0 0 0 0 1 0 0 0])
  ("package-initialize" .
   [1 0 0 0 0 0 0 0 0 0 0 0 0 0 0 0 0 0])
  ("custom-theme-p" .
   [0 0 0 0 0 0 0 0 0 0 0 0 0 1])
  ("def" .
   [3 0 0])
  ("plot" .
   [2 0 0 0])
  ("elem" .
   [1 0 0 0])
  ("add-hook" .
   [2 0 0 0 0 0 0 0])
  ("python-mode-hook" .
   [1 0 0 0 0 0 0 0 0 0 0 0 0 0 0 0])
  ("flycheck-mode" .
   [1 0 0 0 0 0 0 0 0 0 0 0 0])
  ("0" .
   [5])
  ("2" .
   [5])
  ("intscheme" .
   [1 0 0 0 0 0 0 0 0])
  ("not" .
   [1 0 0])
  ("3" .
   [2])
  ("4" .
   [2])
  ("20" .
   [1 0])
  ("5" .
   [4])
  ("15" .
   [3 0])
  ("17" .
   [2 0])
  ("exp_Eint" .
   [1 0 0 0 0 0 0 0])
  ("exp_xs" .
   [1 0 0 0 0 0])
  ("6" .
   [1])
  ("19" .
   [2 0])
  ("L&C" .
   [1 0 0])
  ("set_xlim" .
   [0 0 0 0 1 0 1 0])
  ("set_xlabel" .
   [1 0 0 0 0 0 1 0 0 0])
  ("set_ylabel" .
   [2 0 0 0 0 0 0 0 0 0])
  ("energy_a" .
   [1 0 0 0 0 0 0 0])
  ("counts_a" .
   [1 0 0 0 0 0 0 0])
  ("set_title" .
   [1 0 0 0 0 0 0 0 0])
  ("50" .
   [1 0])
  ("p2" .
   [6 0])
  ("y_close" .
   [2 0 0 0 0 0 0])
  ("lower_bound" .
   [1 0 0 0 0 0 0 0 0 0 0])
  ("the" .
   [5 0 0])
  ("a" .
   [2])
  ("Their" .
   [1 0 0 0 0])
  ("they" .
   [1 0 0 0])
  ("t" .
   [1])
  ("$25" .
   [1 0 0])
  ("end" .
   [1 0 0])
  ("$50" .
   [1 0 0])
  ("$15" .
   [3 0 0])
  ("$75" .
   [1 0 0])
  ("$20" .
   [6 0 0])
  ("$10" .
   [4 0 0])
  ("$16" .
   [1 0 0])
  ("$12" .
   [1 0 0])
  ("raw_L_data" .
   [2 0 0 0 0 0 0 0 0 0])
  ("station_id" .
   [1 0 0 0 0 0 0 0 0 0])
  ("2001" .
   [2 0 0 0])
  ("res" .
   [1 0 0])
  ("MAX_DATA" .
   [1 0 0 0 0 0 0 1])
  ("struct" .
   [3 0 0 0 0 0])
  ("Connection" .
   [1 0 0 0 1 0 0 0 0 0])
  ("conn" .
   [5 0 0 0])
  ("void" .
   [2 0 0 0])
  ("Database_close" .
   [2 0 0 0 0 0 0 0 0 0 0 0 0 0])
  ("MAX_ROWS" .
   [1 0 0 0 0 0 0 0])
  ("****" .
   [1 0 0 0])
  ("redshift" .
   [1 0 0 0 0 0 0 0])
  ("6300:3700" .
   [1 0 0 0 0 0 0 0 0])
  ("-p" .
   [1 0])
  ("..." .
   [0 0 1])
  ("msm_server" .
   [3 0 0 0 0 0 0 0 0 0])
  ("SOCK_STREAM" .
   [0 0 0 0 0 1 1 0 0 0 0])
  ("AF_INET" .
   [0 0 0 1 0 0 0])
  ("3211" .
   [2 0 0 0])
  ("obs_f" .
   [1 0 0 0 0])
  ("test_connect" .
   [1 0 0 0 0 0 0 0 0 0 0 0])
  ("temp" .
   [1 0 0 0])
  ("__name__" .
   [2 0 0 0 0 0 0 1])
  ("return" .
   [1 0 0 0 0 0])
  ("__main__" .
   [1 0 0 0 0 0 0 0])
  ("get_lan_ip" .
   [1 0 0 0 0 0 0 1 0 0])
  ("printer_list" .
   [1 0 0 0 0 0 0 0 0 0 0 0])
  ("return_list_of_printers" .
   [1 0 0 0 0 0 0 0 0 0 0 0 0 0 0 0 0 0 0 0 0 0 0])
  ("printerlist" .
   [1 0 0 0 0 0 0 0 0 0 0])
  ("slice3D" .
   [2 0 0 0 0 0 0])
  ("own_id" .
   [1 0 0 0 0 0])
  ("own_address" .
   [1 0 0 0 0 0 0 0 0 0 0])
  ("SLIME" .
   [1 0 0 0 0])
  ("add-and-make" .
   [1 0 0 0 0 0 0 0 0 0 0 0])
  ("prompt-read" .
   [1 0 0 0 0 0 1 2 0 0 0])
  ("undo-tree-mode" .
   [1 0 0 0 0 0 0 0 0 0 0 0 0 0])
  (":win" .
   [0 0 1 0])
  ("undo-tree-autoloads" .
   [0 0 0 0 0 0 0 0 0 1 0 0 0 0 0 0 0 0 0])
  ("comment-or-uncomment-region-or-line" .
   [0 0 0 0 0 0 0 0 0 0 0 0 0 0 0 0 0 0 0 0 0 0 0 0 0 0 0 0 0 0 0 1 0 0 0])
  ("to" .
   [1 0])
  ("fh" .
   [6 0])
  ("tri" .
   [1 0 0])
  ("tris" .
   [32 0 0 0])
  ("pack" .
   [3 0 0 0])
  ("top" .
   [12 0 0])
  ("norm" .
   [1 0 0 0])
  ("height" .
   [17 0 0 0 0 0])
  ("split" .
   [1 0 0 0 0])
  ("img_to_tris" .
   [1 0 0 0 0 0 0 0 0 0 0])
  ("triangle" .
   [2 0 0 0 0 0 0 0])
  ("triangles" .
   [3 0 0 0 0 0 0 0 0])
  ("segments" .
   [3 0 0 0 0 0 0 0])
  ("vertices" .
   [2 0 0 0 0 0 0 0])
  ("num_tri" .
   [2 0 0 0 0 0 0])
  ("binstl" .
   [1 0 0 0 0 0])
  ("two" .
   [1 0 0])
  ("flat_tris" .
   [12 0 0 0 0 0 0 0 0])
  ("triangulate" .
   [4 0 0 0 0 0 0 0 0 0 0])
  ("make_3d" .
   [2 0 0 0 0 0 0])
  ("flat_vertices" .
   [18 0 0 0 0 0 0 0 0 0 0 0 0])
  ("base" .
   [28 0 0 0])
  ("shape" .
   [9 0 0 0 0])
  ("ones" .
   [2 0 0 0])
  ("pixels_per_mm" .
   [5 0 0 0 0 0 0 0 0 0 0 0 0])
  ("reshape" .
   [11 0 0 0 0 0 0])
  ("flat" .
   [7 0 0 0])
  ("base_normal" .
   [4 0 0 0 0 0 0 0 0 0 0])
  ("zeros" .
   [2 0 0 0 0])
  ("top_normal" .
   [1 0 0 0 0 0 0 0 0 0])
  ("sides" .
   [2 0 0 0 0])
  ("num_tris" .
   [1 0 0 0 0 0 0 0])
  ("full_array" .
   [6 0 0 0 0 0 0 0 0 0])
  ("rs" .
   [1 0])
  ("transpose" .
   [18 0 0 0 0 0 0 0 0])
  ("fill" .
   [1 0 0 0])
  ("edge" .
   [1 0 0 0])
  ("shapes" .
   [10 0 0 0 0 0])
  ("img_to_shapes" .
   [2 0 0 0 0 0 0 0 0 1 0 0 0])
  ("motrace" .
   [1 0 0 0 0 0 0])
  ("num_filled" .
   [10 0 0 0 0 0 0 0 0 0])
  ("all_tris" .
   [8 0 0 0 0 0 0 0])
  ("tris_to_bin" .
   [2 0 0 0 0 0 0 0 0 0 0])
  ("tris_to_stl" .
   [1 0 0 0 0 0 0 0 0 0 0])
  ("img" .
   [1 0 0])
  ("read" .
   [2 0 0 0])
  ("outline" .
   [10 0 0 0 0 0 0])
  ("st" .
   [1 0])
  ("side_from_top" .
   [14 0 0 0 0 0 0 0 0 0 0 0 0])
  ("cross" .
   [2 0 0 0 0])
  ("roll" .
   [2 0 0 0])
  ("side_bot" .
   [4 0 0 0 0 0 0 0])
  ("side_top" .
   [1 0 0 0 0 0 0 0])
  ("edges" .
   [6 0 0 0 0])
  ("extend" .
   [1 0 0 0 0 0])
  ("out" .
   [1 0 0])
  ("loop" .
   [2 0 0 0])
  ("printerstring" .
   [2 0 0 0 0 0 0 0 0 0 0 0 0])
  ("---truthy?" .
   [0 0 0 1 0 0 0 0 0 0])
  ("----" .
   [2 0 0 0])
  ("gov-cons" .
   [2 0 0 0 0 0 0 0])
  ("cons" .
   [1 0 0 0])
  ("elts" .
   [2 0 0 0])
  ("setf" .
   [1 0 0 0])))
